{
  "Components" : 
  [
    {
      "Active" : true,
      "Component Name" : "heart",
      "GUID" : 8287048469554089178,
      "Layer" : "None",
      "ObjName" : "heart",
      "Prefab GUID" : 10018086149842944259,
      "Prefab Name" : "heart",
      "Tag" : "None"
    },
    {
      "Component Name" : "ParticleEmitter",
      "EndColorMaxW" : 0.76862746477127075,
      "EndColorMaxX" : 1.0,
      "EndColorMaxY" : 0.80882352590560913,
      "EndColorMaxZ" : 0.91565799713134766,
      "EndColorMinW" : 0.3803921639919281,
      "EndColorMinX" : 1.0,
      "EndColorMinY" : 0.99999773502349854,
      "EndColorMinZ" : 0.99998998641967773,
      "GUID" : 17753737907564724671,
      "ScaleRatioX" : 1.0,
      "ScaleRatioY" : 1.0,
      "StartColorMaxW" : 0.0,
      "StartColorMaxX" : 1.0,
      "StartColorMaxY" : 0.99999654293060303,
      "StartColorMaxZ" : 0.99998998641967773,
      "StartColorMinW" : 0.0,
      "StartColorMinX" : 1.0,
      "StartColorMinY" : 0.99999672174453735,
      "StartColorMinZ" : 0.99998998641967773,
      "coneAngle" : 0.0,
      "coneRadius" : 0.0,
      "constForceMaxX" : 0.0,
      "constForceMaxY" : 0.60000002384185791,
      "constForceMaxZ" : 0.0,
      "constForceMinX" : 0.0,
      "constForceMinY" : 0.30000001192092896,
      "constForceMinZ" : 0.0,
      "diskRadius" : 0.0,
      "duration" : 1.0,
      "edgeLength" : 0.20000000298023224,
      "emitterMode" : 3,
      "finalScaleMax" : 0.20000000298023224,
      "finalScaleMin" : 0.0,
      "lifeTimeMax" : 2.0,
      "lifeTimeMin" : 1.0,
      "looping" : true,
      "particlePerSecond" : 1.5,
      "rotateToVelocity" : false,
      "rotationMax" : 0.0,
      "rotationMin" : 0.0,
      "rotationSpeedMax" : 0.20000000298023224,
      "rotationSpeedMin" : -0.20000000298023224,
      "scaleMax" : 0.40000000596046448,
      "scaleMin" : 0.30000001192092896,
      "sphereRadius" : 0.10000000149011612,
      "startSpeedMax" : 0.40000000596046448,
      "startSpeedMin" : 0.20000000298023224,
      "texture" : "heart"
    }
  ],
  "ObjID" : 3542369350772064489,
  "Transform" : 
  {
    "Component Name" : "Transform",
    "GUID" : 13979161094353040123,
    "Position" : [ -25.088869094848633, 1.1142013072967529, -5.7446308135986328 ],
    "Quaternion" : [ 0.0, 0.0, 0.0, 1.0 ],
    "Rotation" : [ 0.0, 0.0, 0.0 ],
    "Scale" : [ 1.0, 1.0, 1.0 ]
  }
}