{
  "Components" : 
  [
    {
      "Active" : true,
      "Component Name" : "MysteriousPartygirls",
      "GUID" : 8287048469554089178,
      "Layer" : "None",
      "ObjName" : "MysteriousPartygirls",
      "Prefab GUID" : 6706430967667294824,
      "Prefab Name" : "MysteriousPartygirls",
      "Tag" : "None"
    },
    {
      "Component Name" : "ParticleEmitter",
      "EndColorMaxW" : 0.0,
      "EndColorMaxX" : 0.92647057771682739,
      "EndColorMaxY" : 0.52975523471832275,
      "EndColorMaxZ" : 0.027249161154031754,
      "EndColorMinW" : 0.0,
      "EndColorMinX" : 0.84313726425170898,
      "EndColorMinY" : 0.6093260645866394,
      "EndColorMinZ" : 0.11572471261024475,
      "GUID" : 17753737907564724671,
      "ScaleRatioX" : 1.0,
      "ScaleRatioY" : 1.0,
      "StartColorMaxW" : 0.76470589637756348,
      "StartColorMaxX" : 0.96078431606292725,
      "StartColorMaxY" : 0.84858202934265137,
      "StartColorMaxZ" : 0.19780854880809784,
      "StartColorMinW" : 0.60392159223556519,
      "StartColorMinX" : 0.97647058963775635,
      "StartColorMinY" : 0.90980392694473267,
      "StartColorMinZ" : 0.59607845544815063,
      "boxHalfExtentX" : 5.0,
      "boxHalfExtentY" : 3.0,
      "boxHalfExtentZ" : 14.0,
      "coneAngle" : 0.0,
      "coneRadius" : 0.0,
      "constForceMaxX" : -0.10000000149011612,
      "constForceMaxY" : -0.10000000149011612,
      "constForceMaxZ" : -0.10000000149011612,
      "constForceMinX" : 0.20000000298023224,
      "constForceMinY" : 0.20000000298023224,
      "constForceMinZ" : 0.20000000298023224,
      "dirType" : 0,
      "directionX" : 0.0,
      "directionY" : 1.0,
      "directionZ" : 0.0,
      "diskRadius" : 0.0,
      "duration" : 5.0,
      "edgeLength" : 0.0,
      "emitterMode" : 5,
      "finalScaleMax" : 0.5,
      "finalScaleMin" : 0.5,
      "lifeTimeMax" : 5.0,
      "lifeTimeMin" : 3.0,
      "looping" : true,
      "particlePerSecond" : 20.0,
      "rotateToVelocity" : false,
      "rotationMax" : 0.0,
      "rotationMin" : 0.0,
      "rotationSpeedMax" : 0.0,
      "rotationSpeedMin" : 0.0,
      "scaleMax" : 0.20000000298023224,
      "scaleMin" : 0.10000000149011612,
      "sphereRadius" : 0.0,
      "startSpeedMax" : 0.0,
      "startSpeedMin" : 0.0,
      "texture" : "softcircle",
      "uiMode" : false
    }
  ],
  "ObjID" : 13163327266131805689,
  "Transform" : 
  {
    "Component Name" : "Transform",
    "GUID" : 13979161094353040123,
    "Position" : [ 2.6365962028503418, 0.0, -36.147617340087891 ],
    "Quaternion" : [ 0.0, 0.0, 0.0, 1.0 ],
    "Rotation" : [ 0.0, 0.0, 0.0 ],
    "Scale" : [ 1.0, 1.0, 1.0 ]
  }
}