{
  "Components" : 
  [
    {
      "Active" : true,
      "Component Name" : "punch",
      "GUID" : 8287048469554089178,
      "Layer" : "None",
      "ObjName" : "punch",
      "Prefab GUID" : 14038697557437430627,
      "Prefab Name" : "punch",
      "Tag" : "None"
    },
    {
      "Component Name" : "ParticleEmitter",
      "EndColorMaxW" : 0.0,
      "EndColorMaxX" : 0.92156863212585449,
      "EndColorMaxY" : 0.56814062595367432,
      "EndColorMaxZ" : 0.063244931399822235,
      "EndColorMinW" : 0.0,
      "EndColorMinX" : 0.78921568393707275,
      "EndColorMinY" : 0.49712836742401123,
      "EndColorMinZ" : 0.20504134893417358,
      "GUID" : 17753737907564724671,
      "Particle Burst" : 
      [
        {
          "BurstCount" : 10,
          "BurstTime" : 0.0
        }
      ],
      "ScaleRatioX" : 2.0,
      "ScaleRatioY" : 1.0,
      "StartColorMaxW" : 0.70196080207824707,
      "StartColorMaxX" : 1.0,
      "StartColorMaxY" : 0.97058826684951782,
      "StartColorMaxZ" : 0.0,
      "StartColorMinW" : 0.92156863212585449,
      "StartColorMinX" : 1.0,
      "StartColorMinY" : 0.93055558204650879,
      "StartColorMinZ" : 0.41666668653488159,
      "coneAngle" : 40.0,
      "coneRadius" : 0.30000001192092896,
      "constForceMaxX" : 0.0,
      "constForceMaxY" : 0.0,
      "constForceMaxZ" : 0.0,
      "constForceMinX" : 0.0,
      "constForceMinY" : 0.0,
      "constForceMinZ" : 0.0,
      "diskRadius" : 0.0,
      "duration" : 1.0,
      "edgeLength" : 0.0,
      "emitterMode" : 1,
      "finalScaleMax" : 0.0,
      "finalScaleMin" : 0.0,
      "lifeTimeMax" : 0.5,
      "lifeTimeMin" : 0.5,
      "looping" : false,
      "particlePerSecond" : 0.0,
      "rotateToVelocity" : false,
      "rotationMax" : 0.0,
      "rotationMin" : 0.0,
      "rotationSpeedMax" : -1.0,
      "rotationSpeedMin" : -0.5,
      "scaleMax" : 0.10000000149011612,
      "scaleMin" : 0.05000000074505806,
      "sphereRadius" : 0.0,
      "startSpeedMax" : 6.0,
      "startSpeedMin" : 3.0,
      "texture" : "circle"
    }
  ],
  "ObjID" : 3754278935462936581,
  "Transform" : 
  {
    "Component Name" : "Transform",
    "GUID" : 13979161094353040123,
    "Position" : [ 0.0, 3.4000000953674316, -1.0 ],
    "Quaternion" : [ 0.7071068286895752, 0.0, 0.0, 0.7071068286895752 ],
    "Rotation" : [ null, null, 0.0 ],
    "Scale" : [ 1.0000003576278687, 1.0000003576278687, 1.0000003576278687 ]
  }
}