{
  "Components" : 
  [
    {
      "Active" : true,
      "Component Name" : "WidePunchPartigirl",
      "GUID" : 8287048469554089178,
      "Layer" : "None",
      "ObjName" : "WidePunchPartigirl",
      "Prefab GUID" : 10865117535613628932,
      "Prefab Name" : "WidePunchPartigirl",
      "Tag" : "None"
    },
    {
      "Component Name" : "ParticleEmitter",
      "EndColorMaxW" : 0.0,
      "EndColorMaxX" : 0.89803922176361084,
      "EndColorMaxY" : 0.68235296010971069,
      "EndColorMaxZ" : 0.37254902720451355,
      "EndColorMinW" : 0.0,
      "EndColorMinX" : 0.78823530673980713,
      "EndColorMinY" : 0.49803921580314636,
      "EndColorMinZ" : 0.20392157137393951,
      "GUID" : 17753737907564724671,
      "Particle Burst" : 
      [
        {
          "BurstCount" : 20,
          "BurstTime" : 0.0
        }
      ],
      "ScaleRatioX" : 2.2000000476837158,
      "ScaleRatioY" : 0.80000001192092896,
      "StartColorMaxW" : 0.70196080207824707,
      "StartColorMaxX" : 1.0,
      "StartColorMaxY" : 0.9843137264251709,
      "StartColorMaxZ" : 0.5215686559677124,
      "StartColorMinW" : 0.92156863212585449,
      "StartColorMinX" : 1.0,
      "StartColorMinY" : 0.95686274766921997,
      "StartColorMinZ" : 0.62352943420410156,
      "boxHalfExtentX" : 1.0,
      "boxHalfExtentY" : 1.0,
      "boxHalfExtentZ" : 1.0,
      "coneAngle" : 80.0,
      "coneRadius" : 0.80000001192092896,
      "constForceMaxX" : 0.0,
      "constForceMaxY" : 0.0,
      "constForceMaxZ" : 0.0,
      "constForceMinX" : 0.0,
      "constForceMinY" : 0.0,
      "constForceMinZ" : 0.0,
      "dirType" : 0,
      "directionX" : 1.0,
      "directionY" : 0.20000000298023224,
      "directionZ" : 0.0,
      "diskRadius" : 0.5,
      "duration" : 1.0,
      "edgeLength" : 0.0,
      "emitterMode" : 1,
      "finalScaleMax" : 0.0,
      "finalScaleMin" : 0.0,
      "lifeTimeMax" : 0.5,
      "lifeTimeMin" : 0.5,
      "looping" : false,
      "particlePerSecond" : 0.0,
      "rotateToVelocity" : false,
      "rotationMax" : 0.0,
      "rotationMin" : 0.0,
      "rotationSpeedMax" : -1.0,
      "rotationSpeedMin" : -0.5,
      "scaleMax" : 0.20000000298023224,
      "scaleMin" : 0.10000000149011612,
      "sphereRadius" : 0.0,
      "startSpeedMax" : 6.0,
      "startSpeedMin" : 3.0,
      "texture" : "circle",
      "uiMode" : false
    },
    {
      "Component Name" : "ParticleDestroy",
      "GUID" : 10765104205153683754,
      "emitter" : null
    }
  ],
  "ObjID" : 14669394755775890999,
  "Transform" : 
  {
    "Component Name" : "Transform",
    "GUID" : 13979161094353040123,
    "Position" : [ 0.52915012836456299, 7.3989162445068359, -22.110918045043945 ],
    "Quaternion" : 
    [
      0.70073556900024414,
      0.70073556900024414,
      -0.094708383083343506,
      -0.094708383083343506
    ],
    "Rotation" : [ -0.0, 164.6055908203125, 90.0 ],
    "Scale" : [ 1.0, 1.0, 1.0 ]
  }
}